42 44 47 49 51 52 54 52
24 27 30 31 32 35 36 36
80 82 85 86 87 90 94
4 5 7 10 13 14 20
38 41 40 42 45 47 50 52
43 46 48 49 52 49 52 49
38 41 42 44 47 49 48 48
60 62 61 63 67
33 36 38 35 41
31 32 32 35 37 38
68 69 69 70 71 74 75 73
29 32 34 35 35 37 38 38
83 84 85 88 88 90 93 97
23 24 25 28 28 34
78 80 83 84 86 90 93 96
43 46 47 51 52 51
22 23 25 29 29
78 81 84 87 90 94 95 99
9 11 13 15 19 25
7 9 15 17 19 21
44 46 48 54 53
83 85 90 91 91
22 23 24 25 30 34
61 63 68 70 71 76
57 54 55 57 59 61
13 10 12 13 14 12
20 19 22 25 27 27
79 76 79 81 83 87
83 82 83 85 87 89 96
59 57 54 57 59 62
30 28 29 26 27 29 27
84 83 81 83 85 87 87
47 46 48 51 54 57 54 58
12 9 6 9 12 13 15 20
5 3 5 8 9 12 12 13
